Arc Menu Theme//rgba(28, 28, 28, 0.98)//rgba(211, 218, 227, 1)//rgb(63,62,64)//rgba(238, 238, 236, 0.1)//rgb(63,62,64)//9//0//0//0//0//false//
Dark Blue Theme//rgb(25,31,34)//rgb(189,230,251)//rgb(41,50,55)//rgb(41,50,55)//rgb(41,50,55)//9//1//5//12//24//true//
Light Blue Theme//rgb(255,255,255)//rgb(51,51,51)//rgb(235,235,235)//rgba(189,230,251,0.9)//rgba(189,230,251,0.9)//9//1//5//12//24//true//
Dark Blue Theme 2//rgb(50,52,61)//rgb(211,217,227)//rgba(211,217,227,0.2)//rgb(81,149,226)//rgba(211,217,227,0.5)//9//1//4//0//0//false//
Dark Orange Theme//rgb(51,51,51)//rgb(226,224,221)//rgba(174,167,159,0.2)//rgb(233,84,32)//rgba(233,84,32,0.5)//9//1//4//12//24//true//
Light Orange Theme//rgb(246,246,245)//rgb(76,76,76)//rgba(51,51,51,0.2)//rgb(233,84,32)//rgba(233,84,32,0.5)//9//1//4//12//24//true//
Blue/Orange Theme//rgb(44,62,80)//rgb(189,195,199)//rgba(189,195,199,0.2)//rgb(231,76,60)//rgba(189,195,199,0.5)//9//1//4//0//0//false//
Light Purple Theme//rgb(237,245,252)//rgb(39,45,45)//rgba(39,45,45,0.2)//rgba(144,112,164,0.5)//rgba(144,112,164,0.5)//9//1//6//0//0//false//
Dark Green Theme//rgb(27,34,36)//rgb(243,243,243)//rgba(46,149,130,0.2)//rgb(46,149,130)//rgba(46,149,130,0.35)//9//1//6//0//0//true//
Adapta//rgb(250,251,252)//rgb(34,45,50)//rgb(81,84,86)//rgba(0,150,136,0.121711)//rgb(0,150,136)//11//0//8//12//24//true//
Adapta-Nokto//rgb(38,50,56)//rgb(205,215,218)//rgb(38,50,56)//rgba(125,131,134,0.207237)//rgb(0,188,212)//11//0//8//12//24//true//
Arc//rgb(245,246,247)//rgb(55,54,68)//rgba(82,148,226,0.903915)//rgba(56,55,68,0.0782918)//rgb(82,148,226)//11//0//8//12//24//true//
Arc-Dark//rgb(56,60,74)//rgb(188,195,205)//rgba(82,148,226,0.903915)//rgba(188,195,205,0.188612)//rgb(82,148,226)//11//0//8//12//24//true//
Pop!_OS--Dark//rgb(69,63,63)//rgb(188,185,183)//rgb(68,61,58)//rgba(250,164,26,0.885135)//rgb(50,128,138)//11//0//8//12//24//true//
Pop!_OS//rgb(250,251,252)//rgb(87,79,74)//rgba(188,185,183,0.722973)//rgba(250,164,26,0.885135)//rgb(72,185,199)//11//0//8//12//24//true//
McOS-CTLina//rgba(243,243,243,0.841549)//rgb(32,32,32)//rgba(243,243,243,0.841549)//rgb(203,204,207)//rgb(61,140,248)//11//0//8//12//24//true//
McOS-CTLina-Dark//rgba(47,47,46,0.873239)//rgb(198,194,194)//rgb(44,45,44)//rgb(37,87,214)//rgb(37,87,214)//11//0//8//12//24//true//
Android-dark-blue//rgb(63,62,64)//rgb(243,243,243)//rgb(0,177,251)//rgba(237,250,12,0.35473)//rgb(0,177,251)//11//0//4//12//24//true//
Android-light-blue//rgb(255,255,255)//rgb(63,62,64)//rgb(0,177,251)//rgba(237,250,12,0.35473)//rgb(0,177,251)//11//0//4//12//24//true//
Android-light-green//rgb(255,255,255)//rgb(63,62,64)//rgb(4,149,90)//rgba(143,219,207,0.334459)//rgb(237,250,12)//11//0//4//12//24//true//
Android-dark-green//rgb(46,52,54)//rgb(243,243,243)//rgb(4,149,90)//rgba(143,219,207,0.334459)//rgb(237,250,12)//11//0//4//12//24//true//
Android-dark-yaru//rgb(46,52,54)//rgb(243,243,243)//rgb(189,86,53)//rgba(247,186,36,0.405405)//rgb(189,86,53)//11//0//4//12//24//true//
Android-light-yaru//rgb(255,255,255)//rgb(63,62,64)//rgb(189,86,53)//rgba(247,186,36,0.405405)//rgb(189,86,53)//11//0//4//12//24//true//
Adapta-4k-dark//rgb(49,59,67)//rgb(243,243,243)//rgb(4,149,90)//rgba(0,177,251,0.337838)//rgb(4,149,90)//11//1//4//12//24//true//
Adapta-4k-light//rgb(255,255,255)//rgb(46,52,54)//rgb(4,149,90)//rgba(0,177,251,0.337838)//rgb(4,149,90)//11//1//4//12//24//true//
Neon-Yellow-Punk//rgb(49,59,67)//rgb(237,250,12)//rgb(4,149,90)//rgba(0,177,251,0.337838)//rgb(4,149,90)//11//1//4//12//24//true//
Halo-Dark-Blue//rgba(49,59,67,0.841216)//rgb(243,243,243)//rgb(4,149,90)//rgba(0,177,251,0.337838)//rgb(4,149,90)//11//1//4//12//24//true//
Halo-Dark-Jade//rgba(24,81,58,0.875)//rgb(243,243,243)//rgb(4,149,90)//rgba(0,177,251,0.337838)//rgb(4,149,90)//11//1//4//12//24//true//
Halo-Dark-Amber//rgba(84,34,18,0.881757)//rgb(243,243,243)//rgb(247,186,36)//rgba(247,186,36,0.472973)//rgb(247,186,36)//11//1//4//12//24//true//
Elegant-Purple-Haze//rgba(41,1,31,0.881757)//rgb(243,243,243)//rgba(112,8,67,0.425676)//rgba(112,8,67,0.425676)//rgb(176,52,139)//11//0//4//12//24//true//
